1	H	1	1.00794		0.53
2	He	2	4.002602	0.31
3	Li	1	6.941		1.67
4	Be	2	9.012182	1.12
5	B	3	10.811		0.87
6	C	4	12.0107		0.67
7	N	5	14.0067		0.56
8	O	6	15.9994		0.48
9	F	7	18.9984032	0.42
10	Ne	8	20.1797		0.38
11	Na	1	22.98976928	1.90
12	Mg	2	24.3050		1.45
13	Al	3	26.9815386	1.18
14	Si	4	28.0855		1.11
15	P	5	30.973762	0.98
16	S	6	32.065		0.88
17	Cl	7	35.453		0.79
18	Ar	8	39.948		0.71
19	K	1	39.0983		2.43
20	Ca	2	40.078		1.94
21	Sc	3	44.955912	1.84
22	Ti	4	47.867		1.76
23	V	5	50.9415		1.71
24	Cr	6	51.9961		1.66
25	Mn	7	54.938045	1.61
26	Fe	8	55.845		1.56
27	Co	9	58.933195	1.52
28	Ni	10	58.6934		1.49
29	Cu	11	63.546		1.45
30	Zn	12	65.38		1.42
31	Ga	3	69.723		1.36
32	Ge	4	72.64		1.25
33	As	5	74.92160	1.14
34	Se	6	78.96		1.03
35	Br	7	79.904		0.94
36	Kr	8	83.798		0.88
37	Rb	1	85.4678		2.65
38	Sr	2	87.62		2.19
39	Y	3	88.90585	2.12
40	Zr	4	91.224		2.06
41	Nb	5	92.90638	1.98
42	Mo	6	95.96		1.90
43	Tc	7	96.906365	1.83
44	Ru	8	101.07		1.78
45	Rh	9	102.90550	1.73
46	Pd	10	106.42		1.69
47	Ag	11	107.8682	1.65
48	Cd	12	112.411		1.61
49	In	3	114.818		1.56
50	Sn	4	118.710		1.45
51	Sb	5	121.760		1.33
52	Te	6	127.60		1.23
53	I	7	126.90447	1.15
54	Xe	8	131.293		1.08
55	Cs	1	132.9054519	2.98
56	Ba	2	137.327		2.53
57	La	11	138.90547	1.95
58	Ce	12	140.116		1.85
59	Pr	13	140.90765	2.47
60	Nd	14	144.242		2.06
61	Pm	15	144.912749	2.05
62	Sm	16	150.36		2.38
63	Eu	17	151.964		2.31
64	Gd	18	157.25		2.33
65	Tb	19	158.92535	2.25
66	Dy	20	162.500		2.28
67	Ho	21	164.93032	2.26
68	Er	22	167.259		2.26
69	Tm	23	168.93421	2.22
70	Yb	24	173.054		2.22
71	Lu	25	174.9668	2.17
72	Hf	4	178.49		2.08
73	Ta	5	180.94788	2.00
74	W	6	183.84		1.93
75	Re	7	186.207		1.88
76	Os	8	190.23		1.85
77	Ir	9	192.217		1.80
78	Pt	10	195.084		1.77
79	Au	11	196.966569	1.74
80	Hg	12	200.59		1.71
81	Tl	3	204.3833	1.56
82	Pb	4	207.2		1.54
83	Bi	5	208.98040	1.43
84	Po	6	208.982430	1.35
85	At	7	209.987148	1.27
86	Rn	8	210.990601	1.20
87	Fr	1	223.019736	*
88	Ra	2	223.018502	*
89	Ac	3	227.027752	1.95
90	Th	4	232.03806	1.80
91	Pa	5	231.03588	1.80
92	U	6	238.02891	1.75
93	Np	7	236.04657	1.75
94	Pu	8	238.049560	1.75
95	Am	*	241.056829	1.75
96	Cm	*	243.061389	*
97	Bk	*	247.070307	*
98	Cf	*	249.074853	*
99	Es	*	252.08298	*
100	Fm	*	257.095105	*
101	Md	*	258.098431	*
102	No	*	259.1010	*
103	Lr	*	262.1096	*
104	Rf	*	265.1167	*
105	Db	*	268.1255	*
106	Sg	*	271.1335	*
107	Bh	*	272.1380	*
108	Hs	*	270.1347	*
109	Mt	*	276.1512	*
110	Ds	*	281.1621	*
111	Rg	*	280.1645	*
112	Cn	*	285.1741	*
113	Uut	*	284.1781	*
114	Fl	*	289.1873	*
115	Uup	*	288.1925	*
116	Lv	*	*		*
117	Uus	*	292.208		*
118	Uuo	*	*		*
